963932192
1273124119
1535857466
324735766
1294424481
1842424189
1170127713
1819459251
909791748
1339092841
770137596
1316527631
1195978468
638950699
225340245
121790188
68335706
1571656624
1314875883
1025778016
1700216563
1744119059
1135793195
1109659937
1219866412
843498920
154273316
1795465484
1985757392
724552740
1953298674
767344316
2111664463
1349090462
366525455
97516052
483481225
1857877713
269974433
269808022
34121951
1138017607
1716179948
1719942744
991019385
1037366520
480482367
699298623
253992391
594953637
782441446
892627606
307848836
998461482
127999049
508666982
1120660751
227434853
890479738
1138033981
568128849
1754417545
1662654181
555262159
1160304429
1694243192
931759335
290378816
40350784
1446413988
809851756
321424322
823317093
1665069954
1324855674
829978760
2026683559
1938315458
1464197940
966260245
772037341
825436281
1220238538
214687222
1498151584
1946075781
129333204
57229674
1431870609
751952581
714900301
367025541
1705387425
1385962335
1875598683
526225078
677377223
847679559
781062938
1456525488
