1178568022
1273124119
1535857466
1813046880
1294424481
1842424189
1170127713
1819459251
909791748
1339092841
1387047050
825453433
939711378
638950699
1915067939
121790188
2069450028
585524934
823434397
1025778016
1700216563
1744119059
1135793195
1030743127
1219866412
843498920
1987703634
1795465484
152548774
724552740
187108740
1391938506
43418681
790792680
1788037497
2055475042
1671078911
301400999
1868336855
1868498144
2101566889
1017065521
1716179948
1719942744
991019385
1117716878
1676173641
1457882697
253992391
1547546835
1374219920
1249877984
307848836
1154000220
2028661055
1629114640
1120660751
227434853
890479738
1017049163
568128849
400145663
1662654181
1582519737
979575387
465038350
1220702609
290378816
40350784
696087506
1326362138
321424322
1314465555
477431540
1324855674
829978760
2026683559
1938315458
1464197940
966260245
772037341
1316543759
938518972
1937778816
1498151584
213202931
129333204
2082649116
1431870609
1402607539
1440183867
367025541
451793111
769125929
276867117
1612086208
677377223
1305306417
781062938
698033606
