209652396
398764591
924231285
1478610112
441365315
1537364731
192771779
1491434855
1819583497
530702035
626610453
1650906866
1879422756
1277901399
1682652230
243580376
1991416408
1171049868
1646868794
2051556033
1252949478
1340754471
124102743
2061486254
292249176
1686997841
1827923621
1443447321
305097549
1449105480
374217481
636393364
86837363
1581585360
1428591347
1963466437
1194674174
602801999
1589190063
1589512640
2055650130
2034131043
1284876248
1292401841
1982038771
87950109
1204863635
768281747
507984782
947610023
600956192
352272321
615697673
160516793
1909838463
1110745632
93837855
454869706
1780959476
2034098327
1136257699
800291326
1177824715
1017555826
1959150775
930076700
293921570
580757632
80701568
1392175012
505240629
642848645
481447462
954863080
502227700
1659957521
1905883471
1729147268
780912233
1932520490
1544074682
485603871
1877037944
1728073985
848819521
426405863
258666409
2017814585
716257571
657731430
732884087
734051083
903586222
1538251858
553734235
1076688768
1354754446
463129187
1562125877
1396067212
